5.341600000000000000e+04 6.203212851593361421e+01 5.216036077859058373e-02
5.368700000000000000e+04 4.937068510899595708e+01 5.216036077859058373e-02
5.395800000000000000e+04 4.705393950377446544e+01 1.280356201173205588e-01
5.422900000000000000e+04 5.794905626294652734e+01 5.216036077859058373e-02
5.450000000000000000e+04 5.680011511516353551e+01 1.280356201173205588e-01
5.477100000000000000e+04 5.888491994590146561e+01 5.216036077859058373e-02
5.504200000000000000e+04 5.545141512102146919e+01 1.280356201173205588e-01
5.531300000000000000e+04 5.841511396020850100e+01 2.384302838549430814e-01
5.558400000000000000e+04 5.348817260966595910e+01 5.216036077859058373e-02
5.585500000000000000e+04 5.077444281738168286e+01 5.216036077859058373e-02
5.612600000000000000e+04 5.864954653855038913e+01 1.280356201173205588e-01
5.639700000000000000e+04 5.771742366774354593e+01 5.216036077859058373e-02
5.666800000000000000e+04 5.500900292511570910e+01 1.280356201173205588e-01
5.693900000000000000e+04 5.657307504030443823e+01 4.310865191146874276e-01
5.721000000000000000e+04 4.996747972566455331e+01 1.280356201173205588e-01
5.748100000000000000e+04 5.263807994996632544e+01 5.216036077859058373e-02
5.775200000000000000e+04 5.413473956328259362e+01 5.216036077859058373e-02
5.802300000000000000e+04 4.956882042398467547e+01 1.280356201173205588e-01
5.829400000000000000e+04 4.897678725869271688e+01 1.280356201173205588e-01
