5.341600000000000000e+04 6.104624594518730163e+01 1.280356201173205588e-01
5.378400000000000000e+04 4.520658350108292467e+01 1.280356201173205588e-01
5.415200000000000000e+04 5.864954653855038913e+01 5.216036077859058373e-02
5.452000000000000000e+04 5.348817260966595910e+01 1.280356201173205588e-01
5.488800000000000000e+04 5.959672297535288266e+01 5.216036077859058373e-02
5.525600000000000000e+04 5.818161845021634804e+01 5.216036077859058373e-02
5.562400000000000000e+04 5.478912224148117360e+01 2.384302838549430814e-01
5.599200000000000000e+04 5.864954653855038913e+01 1.280356201173205588e-01
5.636000000000000000e+04 5.634694248465525135e+01 5.216036077859058373e-02
5.672800000000000000e+04 4.240048271150746473e+01 1.280356201173205588e-01
5.709600000000000000e+04 4.819839447926241860e+01 1.280356201173205588e-01
5.746400000000000000e+04 5.413473956328259362e+01 5.216036077859058373e-02
5.783200000000000000e+04 5.500900292511570910e+01 5.216036077859058373e-02
5.820000000000000000e+04 5.118279838734735421e+01 5.216036077859058373e-02
