5.341600000000000000e+04 6.055919608971526458e+01 1.280356201173205588e-01
5.358700000000000000e+04 5.413473956328259362e+01 5.216036077859058373e-02
5.375800000000000000e+04 5.242767626349411358e+01 1.280356201173205588e-01
5.392900000000000000e+04 4.557015933072189284e+01 5.216036077859058373e-02
5.410000000000000000e+04 5.242767626349411358e+01 5.216036077859058373e-02
5.427100000000000000e+04 6.055919608971526458e+01 4.310865191146874276e-01
5.444200000000000000e+04 5.242767626349411358e+01 6.350122837388184616e-01
5.461300000000000000e+04 5.457012045970751757e+01 5.216036077859058373e-02
5.478400000000000000e+04 5.413473956328259362e+01 4.310865191146874276e-01
5.495500000000000000e+04 6.693694078303670381e+01 6.304632295210680359e-01
5.512600000000000000e+04 5.680011511516353551e+01 1.280356201173205588e-01
5.529700000000000000e+04 5.413473956328259362e+01 5.216036077859058373e-02
5.546800000000000000e+04 6.203212851593361421e+01 3.024499839520714550e-01
5.563900000000000000e+04 5.242767626349411358e+01 1.280356201173205588e-01
5.581000000000000000e+04 5.097821171786966232e+01 2.384302838549430814e-01
5.598100000000000000e+04 6.228107696167202789e+01 3.024499839520714550e-01
5.615200000000000000e+04 5.702806635130482249e+01 2.384302838549430814e-01
5.632300000000000000e+04 5.435199406666902888e+01 6.304632295210680359e-01
5.649400000000000000e+04 5.242767626349411358e+01 3.024499839520714550e-01
5.666500000000000000e+04 5.725693240541705364e+01 2.384302838549430814e-01
5.683600000000000000e+04 4.343175541500519188e+01 4.713565934326283124e-01
5.700700000000000000e+04 4.008840488855392437e+01 4.310865191146874276e-01
5.717800000000000000e+04 4.223100050624495339e+01 1.280356201173205588e-01
5.734900000000000000e+04 5.242767626349411358e+01 5.216036077859058373e-02
5.752000000000000000e+04 5.118279838734735421e+01 5.216036077859058373e-02
5.769100000000000000e+04 5.348817260966595910e+01 1.280356201173205588e-01
5.786200000000000000e+04 5.567395373026536021e+01 4.713565934326283124e-01
5.803300000000000000e+04 4.996747972566455331e+01 3.024499839520714550e-01
5.820400000000000000e+04 5.657307504030443823e+01 2.384302838549430814e-01
5.837500000000000000e+04 4.976775089915718553e+01 1.280356201173205588e-01
