5.341600000000000000e+04 6.613746868368518506e+01 1.280356201173205588e-01
5.360000000000000000e+04 5.912123795801348081e+01 1.280356201173205588e-01
5.378400000000000000e+04 4.878101840465032524e+01 4.310865191146874276e-01
5.396800000000000000e+04 4.538800736914909351e+01 1.280356201173205588e-01
5.415200000000000000e+04 5.983589760809187652e+01 1.280356201173205588e-01
5.433600000000000000e+04 5.435199406666902888e+01 5.216036077859058373e-02
5.452000000000000000e+04 5.522976603783575200e+01 5.216036077859058373e-02
5.470400000000000000e+04 5.200938859073865927e+01 6.304632295210680359e-01
5.488800000000000000e+04 6.153721291939658045e+01 2.384302838549430814e-01
5.507200000000000000e+04 5.435199406666902888e+01 5.216036077859058373e-02
5.525600000000000000e+04 5.370283229900974931e+01 2.384302838549430814e-01
5.544000000000000000e+04 6.508633954772821539e+01 1.280356201173205588e-01
5.562400000000000000e+04 5.284932803226987375e+01 1.280356201173205588e-01
5.580800000000000000e+04 5.221811359765413130e+01 4.310865191146874276e-01
5.599200000000000000e+04 6.055919608971526458e+01 5.216036077859058373e-02
5.617600000000000000e+04 5.725693240541705364e+01 5.216036077859058373e-02
5.636000000000000000e+04 5.612171382070168590e+01 2.384302838549430814e-01
5.654400000000000000e+04 5.242767626349411358e+01 6.304632295210680359e-01
5.672800000000000000e+04 5.888491994590146561e+01 2.384302838549430814e-01
5.691200000000000000e+04 4.223100050624495339e+01 4.713565934326283124e-01
5.709600000000000000e+04 7.165329654853714203e+01 1.280356201173205588e-01
5.728000000000000000e+04 4.937068510899595708e+01 6.304632295210680359e-01
5.746400000000000000e+04 5.370283229900974931e+01 2.384302838549430814e-01
5.764800000000000000e+04 6.328690176405140733e+01 1.280356201173205588e-01
5.783200000000000000e+04 5.657307504030443823e+01 2.384302838549430814e-01
5.801600000000000000e+04 5.057148841711656928e+01 2.384302838549430814e-01
5.820000000000000000e+04 5.589738543542926408e+01 1.280356201173205588e-01
5.838400000000000000e+04 4.976775089915718553e+01 2.384302838549430814e-01
