5.341600000000000000e+04 6.203212851593361421e+01 1.280356201173205588e-01
5.365000000000000000e+04 5.159443817398325649e+01 5.216036077859058373e-02
5.388400000000000000e+04 4.325815103091738223e+01 1.280356201173205588e-01
5.411800000000000000e+04 5.567395373026536021e+01 1.280356201173205588e-01
5.435200000000000000e+04 5.413473956328259362e+01 5.216036077859058373e-02
5.458600000000000000e+04 5.634694248465525135e+01 5.216036077859058373e-02
5.482000000000000000e+04 6.253102449175781885e+01 5.216036077859058373e-02
5.505400000000000000e+04 5.794905626294652734e+01 1.280356201173205588e-01
5.528800000000000000e+04 5.725693240541705364e+01 2.384302838549430814e-01
5.552200000000000000e+04 5.413473956328259362e+01 2.384302838549430814e-01
5.575600000000000000e+04 5.306142389914914048e+01 1.280356201173205588e-01
5.599000000000000000e+04 6.178417516102629747e+01 5.216036077859058373e-02
5.622400000000000000e+04 6.055919608971526458e+01 1.280356201173205588e-01
5.645800000000000000e+04 5.589738543542926408e+01 5.216036077859058373e-02
5.669200000000000000e+04 5.391835346445153476e+01 5.216036077859058373e-02
5.692600000000000000e+04 4.089930496916218061e+01 2.384302838549430814e-01
5.716000000000000000e+04 6.456705630960104259e+01 1.280356201173205588e-01
5.739400000000000000e+04 5.545141512102146919e+01 1.280356201173205588e-01
5.762800000000000000e+04 5.391835346445153476e+01 5.216036077859058373e-02
5.786200000000000000e+04 5.725693240541705364e+01 5.216036077859058373e-02
5.809600000000000000e+04 5.077444281738168286e+01 5.216036077859058373e-02
5.833000000000000000e+04 4.819839447926241860e+01 1.280356201173205588e-01
