5.341600000000000000e+04 6.153721291939658045e+01 5.216036077859058373e-02
5.370200000000000000e+04 4.743237277096565663e+01 1.280356201173205588e-01
5.398800000000000000e+04 4.743237277096565663e+01 5.216036077859058373e-02
5.427400000000000000e+04 5.657307504030443823e+01 2.384302838549430814e-01
5.456000000000000000e+04 5.391835346445153476e+01 1.280356201173205588e-01
5.484600000000000000e+04 5.959672297535288266e+01 5.216036077859058373e-02
5.513200000000000000e+04 5.457012045970751757e+01 1.280356201173205588e-01
5.541800000000000000e+04 5.818161845021634804e+01 1.280356201173205588e-01
5.570400000000000000e+04 5.457012045970751757e+01 5.216036077859058373e-02
5.599000000000000000e+04 6.007603210073743583e+01 5.216036077859058373e-02
5.627600000000000000e+04 5.959672297535288266e+01 5.216036077859058373e-02
5.656200000000000000e+04 5.435199406666902888e+01 5.216036077859058373e-02
5.684800000000000000e+04 4.189406573860216554e+01 1.280356201173205588e-01
5.713400000000000000e+04 4.630610672821838136e+01 1.280356201173205588e-01
5.742000000000000000e+04 5.435199406666902888e+01 5.216036077859058373e-02
5.770600000000000000e+04 5.657307504030443823e+01 1.280356201173205588e-01
5.799200000000000000e+04 4.996747972566455331e+01 5.216036077859058373e-02
5.827800000000000000e+04 4.858603207323464801e+01 2.264426059075857811e+00
