5.341600000000000000e+04 6.080223333674170050e+01 5.216036077859058373e-02
5.375900000000000000e+04 4.557015933072189284e+01 5.216036077859058373e-02
5.410200000000000000e+04 5.841511396020850100e+01 5.216036077859058373e-02
5.444500000000000000e+04 5.478912224148117360e+01 3.024499839520714550e-01
5.478800000000000000e+04 5.864954653855038913e+01 5.216036077859058373e-02
5.513100000000000000e+04 5.457012045970751757e+01 3.024499839520714550e-01
5.547400000000000000e+04 5.457012045970751757e+01 5.216036077859058373e-02
5.581700000000000000e+04 5.180149789447730058e+01 1.280356201173205588e-01
5.616000000000000000e+04 5.818161845021634804e+01 1.280356201173205588e-01
5.650300000000000000e+04 5.370283229900974931e+01 1.280356201173205588e-01
5.684600000000000000e+04 4.257064508578221762e+01 1.280356201173205588e-01
5.718900000000000000e+04 5.159443817398325649e+01 1.280356201173205588e-01
5.753200000000000000e+04 5.435199406666902888e+01 5.216036077859058373e-02
5.787500000000000000e+04 5.306142389914914048e+01 5.216036077859058373e-02
5.821800000000000000e+04 4.996747972566455331e+01 4.713565934326283124e-01
