5.341600000000000000e+04 5.748671694886402861e+01 5.216036077859058373e-02
5.393100000000000000e+04 4.649194322253157452e+01 1.280356201173205588e-01
5.444600000000000000e+04 5.435199406666902888e+01 5.216036077859058373e-02
5.496100000000000000e+04 5.589738543542926408e+01 1.280356201173205588e-01
5.547600000000000000e+04 5.478912224148117360e+01 5.216036077859058373e-02
5.599100000000000000e+04 5.864954653855038913e+01 5.216036077859058373e-02
5.650600000000000000e+04 5.200938859073865927e+01 5.216036077859058373e-02
5.702100000000000000e+04 4.917334177579558485e+01 2.384302838549430814e-01
5.753600000000000000e+04 5.478912224148117360e+01 1.280356201173205588e-01
5.805100000000000000e+04 5.057148841711656928e+01 1.280356201173205588e-01
