5.341600000000000000e+04 6.228107696167202789e+01 5.216036077859058373e-02
5.373800000000000000e+04 4.762272921627099009e+01 1.280356201173205588e-01
5.406000000000000000e+04 5.702806635130482249e+01 5.216036077859058373e-02
5.438200000000000000e+04 5.478912224148117360e+01 1.280356201173205588e-01
5.470400000000000000e+04 5.567395373026536021e+01 2.384302838549430814e-01
5.502600000000000000e+04 5.567395373026536021e+01 5.216036077859058373e-02
5.534800000000000000e+04 5.935850436579115552e+01 1.280356201173205588e-01
5.567000000000000000e+04 5.522976603783575200e+01 5.216036077859058373e-02
5.599200000000000000e+04 5.864954653855038913e+01 3.024499839520714550e-01
5.631400000000000000e+04 5.794905626294652734e+01 1.280356201173205588e-01
5.663600000000000000e+04 5.370283229900974931e+01 5.216036077859058373e-02
5.695800000000000000e+04 4.360605651130691029e+01 5.216036077859058373e-02
5.728000000000000000e+04 5.435199406666902888e+01 5.216036077859058373e-02
5.760200000000000000e+04 5.545141512102146919e+01 1.280356201173205588e-01
5.792400000000000000e+04 5.221811359765413130e+01 5.216036077859058373e-02
5.824600000000000000e+04 4.937068510899595708e+01 1.781358041764623534e+00
