5.341600000000000000e+04 6.104624594518730163e+01 5.216036077859058373e-02
5.384500000000000000e+04 4.649194322253157452e+01 5.216036077859058373e-02
5.427400000000000000e+04 5.522976603783575200e+01 5.216036077859058373e-02
5.470300000000000000e+04 5.680011511516353551e+01 5.216036077859058373e-02
5.513200000000000000e+04 5.612171382070168590e+01 5.216036077859058373e-02
5.556100000000000000e+04 5.391835346445153476e+01 5.216036077859058373e-02
5.599000000000000000e+04 5.864954653855038913e+01 5.216036077859058373e-02
5.641900000000000000e+04 5.457012045970751757e+01 1.280356201173205588e-01
5.684800000000000000e+04 4.378105711588044358e+01 5.216036077859058373e-02
5.727700000000000000e+04 5.391835346445153476e+01 5.216036077859058373e-02
5.770600000000000000e+04 5.612171382070168590e+01 5.216036077859058373e-02
5.813500000000000000e+04 5.077444281738168286e+01 4.713565934326283124e-01
