5.341600000000000000e+04 6.031713030541644827e+01 1.280356201173205588e-01
5.363000000000000000e+04 5.370283229900974931e+01 3.024499839520714550e-01
5.384400000000000000e+04 4.630610672821838136e+01 5.216036077859058373e-02
5.405800000000000000e+04 5.159443817398325649e+01 2.384302838549430814e-01
5.427200000000000000e+04 5.794905626294652734e+01 5.216036077859058373e-02
5.448600000000000000e+04 5.589738543542926408e+01 1.280356201173205588e-01
5.470000000000000000e+04 5.348817260966595910e+01 5.216036077859058373e-02
5.491400000000000000e+04 6.995191266156201948e+01 5.216036077859058373e-02
5.512800000000000000e+04 5.680011511516353551e+01 5.216036077859058373e-02
5.534200000000000000e+04 5.959672297535288266e+01 1.280356201173205588e-01
5.555600000000000000e+04 5.097821171786966232e+01 1.280356201173205588e-01
5.577000000000000000e+04 5.221811359765413130e+01 5.216036077859058373e-02
5.598400000000000000e+04 5.841511396020850100e+01 5.216036077859058373e-02
5.619800000000000000e+04 5.657307504030443823e+01 1.280356201173205588e-01
5.641200000000000000e+04 6.080223333674170050e+01 5.216036077859058373e-02
5.662600000000000000e+04 5.680011511516353551e+01 2.384302838549430814e-01
5.684000000000000000e+04 4.360605651130691029e+01 1.280356201173205588e-01
5.705400000000000000e+04 5.888491994590146561e+01 5.216036077859058373e-02
5.726800000000000000e+04 5.118279838734735421e+01 2.384302838549430814e-01
5.748200000000000000e+04 5.180149789447730058e+01 2.384302838549430814e-01
5.769600000000000000e+04 5.306142389914914048e+01 2.384302838549430814e-01
5.791000000000000000e+04 5.589738543542926408e+01 3.024499839520714550e-01
5.812400000000000000e+04 5.077444281738168286e+01 1.280356201173205588e-01
5.833800000000000000e+04 4.839182513656474072e+01 3.024499839520714550e-01
