5.341600000000000000e+04 6.328690176405140733e+01 5.216036077859058373e-02
5.367300000000000000e+04 5.435199406666902888e+01 5.216036077859058373e-02
5.393000000000000000e+04 4.593665923410544139e+01 5.216036077859058373e-02
5.418700000000000000e+04 6.007603210073743583e+01 5.216036077859058373e-02
5.444400000000000000e+04 5.545141512102146919e+01 5.216036077859058373e-02
5.470100000000000000e+04 5.370283229900974931e+01 4.310865191146874276e-01
5.495800000000000000e+04 5.864954653855038913e+01 2.384302838549430814e-01
5.521500000000000000e+04 5.435199406666902888e+01 1.280356201173205588e-01
5.547200000000000000e+04 5.702806635130482249e+01 5.216036077859058373e-02
5.572900000000000000e+04 5.478912224148117360e+01 3.024499839520714550e-01
5.598600000000000000e+04 5.935850436579115552e+01 5.216036077859058373e-02
5.624300000000000000e+04 5.748671694886402861e+01 2.384302838549430814e-01
5.650000000000000000e+04 5.159443817398325649e+01 1.280356201173205588e-01
5.675700000000000000e+04 4.839182513656474072e+01 5.216036077859058373e-02
5.701400000000000000e+04 7.051450383105729713e+01 4.310865191146874276e-01
5.727100000000000000e+04 5.159443817398325649e+01 1.280356201173205588e-01
5.752800000000000000e+04 5.242767626349411358e+01 5.216036077859058373e-02
5.778500000000000000e+04 5.657307504030443823e+01 1.280356201173205588e-01
5.804200000000000000e+04 5.016801010746460321e+01 2.384302838549430814e-01
5.829900000000000000e+04 4.976775089915718553e+01 1.280356201173205588e-01
