5.341600000000000000e+04 6.203212851593361421e+01 5.216036077859058373e-02
5.371900000000000000e+04 4.839182513656474072e+01 5.216036077859058373e-02
5.402200000000000000e+04 4.956882042398467547e+01 1.280356201173205588e-01
5.432500000000000000e+04 5.391835346445153476e+01 5.216036077859058373e-02
5.462800000000000000e+04 5.306142389914914048e+01 2.384302838549430814e-01
5.493100000000000000e+04 6.031713030541644827e+01 2.384302838549430814e-01
5.523400000000000000e+04 5.612171382070168590e+01 5.216036077859058373e-02
5.553700000000000000e+04 5.413473956328259362e+01 1.280356201173205588e-01
5.584000000000000000e+04 5.159443817398325649e+01 1.280356201173205588e-01
5.614300000000000000e+04 5.771742366774354593e+01 2.384302838549430814e-01
5.644600000000000000e+04 5.348817260966595910e+01 5.216036077859058373e-02
5.674900000000000000e+04 4.819839447926241860e+01 5.216036077859058373e-02
5.705200000000000000e+04 4.724277721393500684e+01 5.216036077859058373e-02
5.735500000000000000e+04 5.457012045970751757e+01 5.216036077859058373e-02
5.765800000000000000e+04 5.478912224148117360e+01 1.280356201173205588e-01
5.796100000000000000e+04 5.097821171786966232e+01 2.384302838549430814e-01
5.826400000000000000e+04 4.956882042398467547e+01 3.024499839520714550e-01
