5.341600000000000000e+04 7.194085683760911820e+01 5.216036077859058373e-02
5.362200000000000000e+04 5.702806635130482249e+01 2.384302838549430814e-01
5.382800000000000000e+04 4.538800736914909351e+01 1.280356201173205588e-01
5.403400000000000000e+04 4.839182513656474072e+01 5.216036077859058373e-02
5.424000000000000000e+04 5.748671694886402861e+01 5.216036077859058373e-02
5.444600000000000000e+04 5.545141512102146919e+01 3.024499839520714550e-01
5.465200000000000000e+04 5.391835346445153476e+01 5.216036077859058373e-02
5.485800000000000000e+04 6.693694078303670381e+01 5.216036077859058373e-02
5.506400000000000000e+04 5.657307504030443823e+01 1.280356201173205588e-01
5.527000000000000000e+04 5.370283229900974931e+01 5.216036077859058373e-02
5.547600000000000000e+04 5.864954653855038913e+01 5.216036077859058373e-02
5.568200000000000000e+04 5.841511396020850100e+01 1.280356201173205588e-01
5.588800000000000000e+04 5.391835346445153476e+01 1.280356201173205588e-01
5.609400000000000000e+04 5.771742366774354593e+01 5.216036077859058373e-02
5.630000000000000000e+04 5.794905626294652734e+01 5.216036077859058373e-02
5.650600000000000000e+04 5.242767626349411358e+01 1.280356201173205588e-01
5.671200000000000000e+04 5.138820610769987951e+01 6.304632295210680359e-01
5.691800000000000000e+04 4.008840488855392437e+01 1.280356201173205588e-01
5.712400000000000000e+04 4.612101305513881044e+01 1.280356201173205588e-01
5.733000000000000000e+04 5.370283229900974931e+01 2.384302838549430814e-01
5.753600000000000000e+04 5.077444281738168286e+01 4.310865191146874276e-01
5.774200000000000000e+04 5.159443817398325649e+01 3.024499839520714550e-01
5.794800000000000000e+04 5.612171382070168590e+01 3.024499839520714550e-01
5.815400000000000000e+04 5.457012045970751757e+01 5.216036077859058373e-02
5.836000000000000000e+04 5.036934526137333989e+01 2.384302838549430814e-01
