5.341600000000000000e+04 6.007603210073743583e+01 5.216036077859058373e-02
5.381200000000000000e+04 4.612101305513881044e+01 5.216036077859058373e-02
5.420800000000000000e+04 5.794905626294652734e+01 2.384302838549430814e-01
5.460400000000000000e+04 5.500900292511570910e+01 5.216036077859058373e-02
5.500000000000000000e+04 5.657307504030443823e+01 1.280356201173205588e-01
5.539600000000000000e+04 5.748671694886402861e+01 1.280356201173205588e-01
5.579200000000000000e+04 5.242767626349411358e+01 5.216036077859058373e-02
5.618800000000000000e+04 5.794905626294652734e+01 5.216036077859058373e-02
5.658400000000000000e+04 5.284932803226987375e+01 2.384302838549430814e-01
5.698000000000000000e+04 4.575304230779917702e+01 5.216036077859058373e-02
5.737600000000000000e+04 5.435199406666902888e+01 5.216036077859058373e-02
5.777200000000000000e+04 5.657307504030443823e+01 5.216036077859058373e-02
5.816800000000000000e+04 5.057148841711656928e+01 5.216036077859058373e-02
