5.341600000000000000e+04 5.983589760809187652e+01 1.280356201173205588e-01
5.388400000000000000e+04 4.557015933072189284e+01 5.216036077859058373e-02
5.435200000000000000e+04 5.457012045970751757e+01 5.216036077859058373e-02
5.482000000000000000e+04 6.031713030541644827e+01 5.216036077859058373e-02
5.528800000000000000e+04 5.748671694886402861e+01 1.280356201173205588e-01
5.575600000000000000e+04 5.391835346445153476e+01 5.216036077859058373e-02
5.622400000000000000e+04 5.794905626294652734e+01 5.216036077859058373e-02
5.669200000000000000e+04 5.221811359765413130e+01 5.216036077859058373e-02
5.716000000000000000e+04 5.138820610769987951e+01 5.216036077859058373e-02
5.762800000000000000e+04 5.567395373026536021e+01 1.280356201173205588e-01
5.809600000000000000e+04 5.077444281738168286e+01 4.713565934326283124e-01
