5.341600000000000000e+04 6.303393285923533540e+01 5.216036077859058373e-02
5.366100000000000000e+04 5.180149789447730058e+01 1.006520343908653814e+01
5.390600000000000000e+04 4.431028410839905973e+01 5.216036077859058373e-02
5.415100000000000000e+04 6.055919608971526458e+01 2.384302838549430814e-01
5.439600000000000000e+04 5.435199406666902888e+01 2.384302838549430814e-01
5.464100000000000000e+04 5.263807994996632544e+01 5.216036077859058373e-02
5.488600000000000000e+04 6.153721291939658045e+01 1.280356201173205588e-01
5.513100000000000000e+04 5.457012045970751757e+01 1.280356201173205588e-01
5.537600000000000000e+04 6.303393285923533540e+01 1.280356201173205588e-01
5.562100000000000000e+04 5.435199406666902888e+01 4.310865191146874276e-01
5.586600000000000000e+04 4.996747972566455331e+01 5.216036077859058373e-02
5.611100000000000000e+04 5.864954653855038913e+01 2.384302838549430814e-01
5.635600000000000000e+04 5.725693240541705364e+01 1.280356201173205588e-01
5.660100000000000000e+04 5.306142389914914048e+01 2.384302838549430814e-01
5.684600000000000000e+04 4.325815103091738223e+01 1.280356201173205588e-01
5.709100000000000000e+04 6.666938202870308317e+01 3.024499839520714550e-01
5.733600000000000000e+04 5.370283229900974931e+01 1.280356201173205588e-01
5.758100000000000000e+04 5.370283229900974931e+01 5.216036077859058373e-02
5.782600000000000000e+04 5.725693240541705364e+01 4.310865191146874276e-01
5.807100000000000000e+04 4.878101840465032524e+01 3.024499839520714550e-01
5.831600000000000000e+04 4.956882042398467547e+01 7.260825991354164621e+00
