5.341600000000000000e+04 6.104624594518730163e+01 1.280356201173205588e-01
5.364000000000000000e+04 5.118279838734735421e+01 1.280356201173205588e-01
5.386400000000000000e+04 4.360605651130691029e+01 1.280356201173205588e-01
5.408800000000000000e+04 5.657307504030443823e+01 5.216036077859058373e-02
5.431200000000000000e+04 5.567395373026536021e+01 1.280356201173205588e-01
5.453600000000000000e+04 5.794905626294652734e+01 2.384302838549430814e-01
5.476000000000000000e+04 5.888491994590146561e+01 1.280356201173205588e-01
5.498400000000000000e+04 5.841511396020850100e+01 5.216036077859058373e-02
5.520800000000000000e+04 5.370283229900974931e+01 4.713565934326283124e-01
5.543200000000000000e+04 5.888491994590146561e+01 1.280356201173205588e-01
5.565600000000000000e+04 5.457012045970751757e+01 4.310865191146874276e-01
5.588000000000000000e+04 4.996747972566455331e+01 1.280356201173205588e-01
5.610400000000000000e+04 5.959672297535288266e+01 2.384302838549430814e-01
5.632800000000000000e+04 5.818161845021634804e+01 1.280356201173205588e-01
5.655200000000000000e+04 5.200938859073865927e+01 5.216036077859058373e-02
5.677600000000000000e+04 4.781384960346142776e+01 2.384302838549430814e-01
5.700000000000000000e+04 4.172660777126954912e+01 1.050835507722345685e+00
5.722400000000000000e+04 4.819839447926241860e+01 5.216036077859058373e-02
5.744800000000000000e+04 5.748671694886402861e+01 2.384302838549430814e-01
5.767200000000000000e+04 5.457012045970751757e+01 1.280356201173205588e-01
5.789600000000000000e+04 5.680011511516353551e+01 2.384302838549430814e-01
5.812000000000000000e+04 5.200938859073865927e+01 5.216036077859058373e-02
5.834400000000000000e+04 4.917334177579558485e+01 5.216036077859058373e-02
