5.341600000000000000e+04 6.829092757366933597e+01 1.280356201173205588e-01
5.361400000000000000e+04 5.702806635130482249e+01 3.024499839520714550e-01
5.381200000000000000e+04 4.762272921627099009e+01 1.280356201173205588e-01
5.401000000000000000e+04 4.976775089915718553e+01 2.384302838549430814e-01
5.420800000000000000e+04 6.328690176405140733e+01 4.713565934326283124e-01
5.440600000000000000e+04 5.413473956328259362e+01 2.384302838549430814e-01
5.460400000000000000e+04 5.634694248465525135e+01 1.280356201173205588e-01
5.480200000000000000e+04 6.253102449175781885e+01 1.280356201173205588e-01
5.500000000000000000e+04 5.818161845021634804e+01 5.216036077859058373e-02
5.519800000000000000e+04 5.391835346445153476e+01 3.024499839520714550e-01
5.539600000000000000e+04 6.228107696167202789e+01 5.216036077859058373e-02
5.559400000000000000e+04 5.118279838734735421e+01 4.310865191146874276e-01
5.579200000000000000e+04 5.391835346445153476e+01 6.304632295210680359e-01
5.599000000000000000e+04 5.748671694886402861e+01 3.024499839520714550e-01
5.618800000000000000e+04 5.748671694886402861e+01 3.024499839520714550e-01
5.638600000000000000e+04 6.911643076150832599e+01 1.280356201173205588e-01
5.658400000000000000e+04 5.370283229900974931e+01 1.280356201173205588e-01
5.678200000000000000e+04 5.016801010746460321e+01 5.216036077859058373e-02
5.698000000000000000e+04 4.206219575123922993e+01 2.384302838549430814e-01
5.717800000000000000e+04 4.466665141286178198e+01 2.384302838549430814e-01
5.737600000000000000e+04 5.159443817398325649e+01 1.280356201173205588e-01
5.757400000000000000e+04 5.435199406666902888e+01 2.384302838549430814e-01
5.777200000000000000e+04 5.545141512102146919e+01 5.216036077859058373e-02
5.797000000000000000e+04 5.159443817398325649e+01 3.024499839520714550e-01
5.816800000000000000e+04 5.306142389914914048e+01 1.280356201173205588e-01
5.836600000000000000e+04 4.996747972566455331e+01 7.152965686793156586e+00
