5.341600000000000000e+04 6.720557330894045833e+01 1.280356201173205588e-01
5.360600000000000000e+04 5.888491994590146561e+01 5.216036077859058373e-02
5.379600000000000000e+04 4.593665923410544139e+01 1.280356201173205588e-01
5.398600000000000000e+04 4.413316809022548881e+01 1.280356201173205588e-01
5.417600000000000000e+04 5.888491994590146561e+01 2.384302838549430814e-01
5.436600000000000000e+04 5.567395373026536021e+01 5.216036077859058373e-02
5.455600000000000000e+04 5.478912224148117360e+01 5.216036077859058373e-02
5.474600000000000000e+04 4.976775089915718553e+01 2.384302838549430814e-01
5.493600000000000000e+04 6.911643076150832599e+01 5.216036077859058373e-02
5.512600000000000000e+04 5.634694248465525135e+01 5.216036077859058373e-02
5.531600000000000000e+04 5.983589760809187652e+01 5.216036077859058373e-02
5.550600000000000000e+04 6.430897040135523923e+01 1.280356201173205588e-01
5.569600000000000000e+04 5.841511396020850100e+01 5.216036077859058373e-02
5.588600000000000000e+04 5.097821171786966232e+01 5.216036077859058373e-02
5.607600000000000000e+04 5.841511396020850100e+01 2.384302838549430814e-01
5.626600000000000000e+04 5.935850436579115552e+01 1.280356201173205588e-01
5.645600000000000000e+04 5.725693240541705364e+01 3.024499839520714550e-01
5.664600000000000000e+04 5.457012045970751757e+01 4.713565934326283124e-01
5.683600000000000000e+04 4.686585661123644542e+01 1.280356201173205588e-01
5.702600000000000000e+04 7.079749389686242012e+01 2.384302838549430814e-01
5.721600000000000000e+04 4.667852551918185355e+01 2.384302838549430814e-01
5.740600000000000000e+04 5.545141512102146919e+01 1.280356201173205588e-01
5.759600000000000000e+04 5.200938859073865927e+01 5.216036077859058373e-02
5.778600000000000000e+04 5.457012045970751757e+01 5.216036077859058373e-02
5.797600000000000000e+04 5.221811359765413130e+01 4.713565934326283124e-01
5.816600000000000000e+04 5.348817260966595910e+01 5.216036077859058373e-02
5.835600000000000000e+04 5.077444281738168286e+01 3.024499839520714550e-01
