5.341600000000000000e+04 6.203212851593361421e+01 1.280356201173205588e-01
5.359300000000000000e+04 5.657307504030443823e+01 2.384302838549430814e-01
5.377000000000000000e+04 3.320974569513250430e+01 2.384302838549430814e-01
5.394700000000000000e+04 4.189406573860216554e+01 1.280356201173205588e-01
5.412400000000000000e+04 5.242767626349411358e+01 1.280356201173205588e-01
5.430100000000000000e+04 5.657307504030443823e+01 2.384302838549430814e-01
5.447800000000000000e+04 5.634694248465525135e+01 4.713565934326283124e-01
5.465500000000000000e+04 5.327437095294832403e+01 3.024499839520714550e-01
5.483200000000000000e+04 5.983589760809187652e+01 1.280356201173205588e-01
5.500900000000000000e+04 5.983589760809187652e+01 1.280356201173205588e-01
5.518600000000000000e+04 5.435199406666902888e+01 6.350122837388184616e-01
5.536300000000000000e+04 5.545141512102146919e+01 1.280356201173205588e-01
5.554000000000000000e+04 5.306142389914914048e+01 4.713565934326283124e-01
5.571700000000000000e+04 6.080223333674170050e+01 2.384302838549430814e-01
5.589400000000000000e+04 5.200938859073865927e+01 4.310865191146874276e-01
5.607100000000000000e+04 5.657307504030443823e+01 1.280356201173205588e-01
5.624800000000000000e+04 5.612171382070168590e+01 1.280356201173205588e-01
5.642500000000000000e+04 5.612171382070168590e+01 3.024499839520714550e-01
5.660200000000000000e+04 5.159443817398325649e+01 5.216036077859058373e-02
5.677900000000000000e+04 4.858603207323464801e+01 2.384302838549430814e-01
5.695600000000000000e+04 3.992816446600504321e+01 2.384302838549430814e-01
5.713300000000000000e+04 4.360605651130691029e+01 1.280356201173205588e-01
5.731000000000000000e+04 5.263807994996632544e+01 5.216036077859058373e-02
5.748700000000000000e+04 6.007603210073743583e+01 2.384302838549430814e-01
5.766400000000000000e+04 5.500900292511570910e+01 3.024499839520714550e-01
5.784100000000000000e+04 5.522976603783575200e+01 1.280356201173205588e-01
5.801800000000000000e+04 5.016801010746460321e+01 2.384302838549430814e-01
5.819500000000000000e+04 5.771742366774354593e+01 5.216036077859058373e-02
5.837200000000000000e+04 4.996747972566455331e+01 1.280356201173205588e-01
